16
150
2147483647
0.01804219592057736
[503316480 1107296256 838860800 637534208 436207616 1711276032 369098752 33554432 905969664 2113929216 2046820352 33554432 100663296 33554432 1577058304 1845493760 1174405120 1644167168 1778384896 436207616 1107296256 2046820352 100663296 301989888 234881024 167772160 1912602624 1577058304 1711276032 1711276032 33554432 1308622848 1509949440 1174405120 1509949440 905969664 1912602624 838860800 503316480 905969664 503316480 771751936 33554432 704643072 1711276032 369098752 973078528 2046820352 1644167168 1174405120 1375731712 503316480 1375731712 1241513984 1040187392 637534208 838860800 704643072 1711276032 503316480 905969664 973078528 436207616 2046820352 2113929216 1644167168 1577058304 637534208 369098752 1577058304 637534208 1644167168 1577058304 973078528 1845493760 570425344 503316480 637534208 100663296 704643072 905969664 2113929216 838860800 1577058304 100663296 1509949440 1107296256 234881024 838860800 503316480 301989888 436207616 1644167168 1375731712 1308622848 2113929216 905969664 637534208 973078528 1241513984 905969664 1711276032 503316480 570425344 100663296 570425344 905969664 637534208 905969664 1174405120 1979711488 33554432 771751936 33554432 704643072 973078528 33554432 1375731712 33554432 1711276032 1711276032 1979711488 704643072 301989888 33554432 1979711488 2113929216 167772160 234881024 771751936 369098752 570425344 1241513984 1845493760 2113929216 905969664 1711276032 1845493760 2113929216 301989888 1912602624 234881024 436207616 1241513984 1375731712 973078528 838860800 1979711488 570425344 1845493760]
[[1 0 0 0 0 0 0 0 0 0 0 0 0 0 0 0]
[0 1 0 0 0 0 0 0 0 0 0 0 0 0 0 0]
[0 0 1 0 0 0 0 0 0 0 0 0 0 0 0 0]
[0 0 0 1 0 0 0 0 0 0 0 0 0 0 0 0]
[0 0 0 0 1 0 0 0 0 0 0 0 0 0 0 0]
[0 0 0 0 0 1 0 0 0 0 0 0 0 0 0 0]
[0 0 0 0 0 0 1 0 0 0 0 0 0 0 0 0]
[0 0 0 0 0 0 0 1 0 0 0 0 0 0 0 0]
[0 0 0 0 0 0 0 0 1 0 0 0 0 0 0 0]
[0 0 0 0 0 0 0 0 0 1 0 0 0 0 0 0]
[0 0 0 0 0 0 0 0 0 0 1 0 0 0 0 0]
[0 0 0 0 0 0 0 0 0 0 0 1 0 0 0 0]
[0 0 0 0 0 0 0 0 0 0 0 0 1 0 0 0]
[0 0 0 0 0 0 0 0 0 0 0 0 0 1 0 0]
[0 0 0 0 0 0 0 0 0 0 0 0 0 0 1 0]
[0 0 0 0 0 0 0 0 0 0 0 0 0 0 0 1]
[257 0 0 0 1048576 0 0 0 0 0 2097152 0 0 131072 0 32768]
[8421376 257 0 0 16 1048576 0 0 0 0 32 2097152 0 2 131072 1073741824]
[1073741952 8421376 257 0 524288 16 1048576 0 0 0 1048576 32 2097152 65536 2 147456]
[37896192 1073741952 8421376 257 72 524288 16 1048576 0 0 144 1048576 32 2097161 65536 536870916]
[536872004 37896192 1073741952 8421376 4456705 72 524288 16 1048576 0 8912896 144 1048576 557088 2097161 204800]
[52633600 536872004 37896192 1073741952 8421476 4456705 72 524288 16 1048576 200 8912896 144 1074790412 557088 270532620]
[807406636 52633600 536872004 37896192 1086456960 8421476 4456705 72 524288 16 26478592 200 8912896 1589520 1074790412 954432]
[245289024 807406636 52633600 536872004 105005522 1086456960 8421476 4456705 72 524288 134218676 26478592 200 554172474 1589520 137363483]
[942676779 245289024 807406636 52633600 565250628 105005522 1086456960 8421476 4456705 72 57281536 134218676 26478592 3547528 554172474 2476352]
[636422464 942676779 245289024 807406636 388179129 565250628 105005522 1086456960 8421476 4456705 671091130 57281536 134218676 336857239 3547528 94896224]
[766009451 636422464 942676779 245289024 908116268 388179129 565250628 105005522 1086456960 8421476 205875969 671091130 57281536 146807380 336857239 6694704]
[1720538928 766009451 636422464 942676779 27188485 908116268 388179129 565250628 105005522 1086456960 1719704045 205875969 671091130 1372196248 146807380 665585917]
[1404372556 1720538928 766009451 636422464 1208291500 27188485 908116268 388179129 565250628 105005522 1617686402 1719704045 205875969 972728426 1372196248 222216704]
[1275118106 1404372556 1720538928 766009451 1173401880 1208291500 27188485 908116268 388179129 565250628 1178964354 1617686402 1719704045 272998396 972728426 852105943]
[2095379004 1275118106 1404372556 1720538928 1528740270 1173401880 1208291500 27188485 908116268 388179129 2090712266 1178964354 1617686402 472868118 272998396 1197890356]
[767659971 2095379004 1275118106 1404372556 433472508 1528740270 1173401880 1208291500 27188485 908116268 2109013583 2090712266 1178964354 383061276 472868118 1038083938]
[499599838 767659971 2095379004 1275118106 1239204425 433472508 1528740270 1173401880 1208291500 27188485 577780006 2109013583 2090712266 353011970 383061276 266380022]
[1887672597 499599838 767659971 2095379004 2070068782 1239204425 433472508 1528740270 1173401880 1208291500 1617089837 577780006 2109013583 1116339277 353011970 1750080764]
[946674125 1887672597 499599838 767659971 1286732864 2070068782 1239204425 433472508 1528740270 1173401880 1738482867 1617089837 577780006 934190992 1116339277 596177234]
[746210201 946674125 1887672597 499599838 1122369761 1286732864 2070068782 1239204425 433472508 1528740270 1882821460 1738482867 1617089837 85247818 934190992 993206230]
[1850930764 746210201 946674125 1887672597 456044610 1122369761 1286732864 2070068782 1239204425 433472508 1441629814 1882821460 1738482867 537903610 85247818 1201265347]
[1635032658 1850930764 746210201 946674125 482118737 456044610 1122369761 1286732864 2070068782 1239204425 1917332082 1441629814 1882821460 489046811 537903610 1920372451]
[1761964744 1635032658 1850930764 746210201 648767647 482118737 456044610 1122369761 1286732864 2070068782 643391469 1917332082 1441629814 234970415 489046811 1736553584]
[1765156159 1761964744 1635032658 1850930764 1938240463 648767647 482118737 456044610 1122369761 1286732864 159162012 643391469 1917332082 1053762685 234970415 2002692764]
[1443448715 1765156159 1761964744 1635032658 404873762 1938240463 648767647 482118737 456044610 1122369761 542102507 159162012 643391469 1199704045 1053762685 1666176141]
[858022484 1443448715 1765156159 1761964744 709953613 404873762 1938240463 648767647 482118737 456044610 1419695318 542102507 159162012 1333062956 1199704045 689309645]
[1058919711 858022484 1443448715 1765156159 1708823945 709953613 404873762 1938240463 648767647 482118737 349763012 1419695318 542102507 420954868 1333062956 1265152259]
[874099866 1058919711 858022484 1443448715 2037355093 1708823945 709953613 404873762 1938240463 648767647 1026516605 349763012 1419695318 39256462 420954868 670480533]
[514805221 874099866 1058919711 858022484 1600013922 2037355093 1708823945 709953613 404873762 1938240463 961898061 1026516605 349763012 1170830513 39256462 1969351402]
[1464653269 514805221 874099866 1058919711 1641221777 1600013922 2037355093 1708823945 709953613 404873762 1357155402 961898061 1026516605 1789840203 1170830513 2009888495]
[1145267935 1464653269 514805221 874099866 773639854 1641221777 1600013922 2037355093 1708823945 709953613 1981797695 1357155402 961898061 722421167 1789840203 21064830]
[1118694016 1145267935 1464653269 514805221 2079972551 773639854 1641221777 1600013922 2037355093 1708823945 974215336 1981797695 1357155402 307325779 722421167 552455309]
[247093711 1118694016 1145267935 1464653269 1736666014 2079972551 773639854 1641221777 1600013922 2037355093 2005061884 974215336 1981797695 1778323457 307325779 290842269]
[1732019135 247093711 1118694016 1145267935 1092550802 1736666014 2079972551 773639854 1641221777 1600013922 1293150159 2005061884 974215336 1129978519 1778323457 94370985]
[631023028 1732019135 247093711 1118694016 248781535 1092550802 1736666014 2079972551 773639854 1641221777 1954524769 1293150159 2005061884 862154536 1129978519 1750308257]
[1005139826 631023028 1732019135 247093711 483063027 248781535 1092550802 1736666014 2079972551 773639854 369959799 1954524769 1293150159 583430731 862154536 237699819]
[959311367 1005139826 631023028 1732019135 1030496047 483063027 248781535 1092550802 1736666014 2079972551 192960879 369959799 1954524769 1391075451 583430731 886635859]
[232149181 959311367 1005139826 631023028 1014177503 1030496047 483063027 248781535 1092550802 1736666014 644289287 192960879 369959799 1864794565 1391075451 560998180]
[295127911 232149181 959311367 1005139826 400610233 1014177503 1030496047 483063027 248781535 1092550802 1275840424 644289287 192960879 1683335479 1864794565 1719419371]
[1656630712 295127911 232149181 959311367 1520830202 400610233 1014177503 1030496047 483063027 248781535 2123931554 1275840424 644289287 257422176 1683335479 270297154]
[746891874 1656630712 295127911 232149181 1028649364 1520830202 400610233 1014177503 1030496047 483063027 387457529 2123931554 1275840424 1995133816 257422176 410433876]
[254807429 746891874 1656630712 295127911 588865428 1028649364 1520830202 400610233 1014177503 1030496047 1196495521 387457529 2123931554 1051994499 1995133816 1812073430]
[1846403758 254807429 746891874 1656630712 1325714344 588865428 1028649364 1520830202 400610233 1014177503 944185266 1196495521 387457529 373706667 1051994499 2094448506]
[1402354292 1846403758 254807429 746891874 1517144208 1325714344 588865428 1028649364 1520830202 400610233 735204495 944185266 1196495521 370021716 373706667 510764634]
[270008471 1402354292 1846403758 254807429 304642199 1517144208 1325714344 588865428 1028649364 1520830202 1663594530 735204495 944185266 335907944 370021716 1769172508]
[1558285039 270008471 1402354292 1846403758 1895644146 304642199 1517144208 1325714344 588865428 1028649364 507536342 1663594530 735204495 343983488 335907944 1293713095]
[1771783777 1558285039 270008471 1402354292 1518831166 1895644146 304642199 1517144208 1325714344 588865428 373504180 507536342 1663594530 694257921 343983488 1399413124]
[1019403819 1771783777 1558285039 270008471 1809885087 1518831166 1895644146 304642199 1517144208 1325714344 1403927018 373504180 507536342 372358600 694257921 1094916329]
[73138796 1019403819 1771783777 1558285039 514861306 1809885087 1518831166 1895644146 304642199 1517144208 1815420014 1403927018 373504180 1343449314 372358600 903236164]
[203460272 73138796 1019403819 1771783777 19416505 514861306 1809885087 1518831166 1895644146 304642199 586890787 1815420014 1403927018 718016525 1343449314 995357598]
[256348693 203460272 73138796 1019403819 595767520 19416505 514861306 1809885087 1518831166 1895644146 100093332 586890787 1815420014 988489530 718016525 1239589942]
[747035338 256348693 203460272 73138796 2890368 595767520 19416505 514861306 1809885087 1518831166 2010100891 100093332 586890787 883049465 988489530 2095536623]
[1682000361 747035338 256348693 203460272 593207127 2890368 595767520 19416505 514861306 1809885087 411484181 2010100891 100093332 1457205696 883049465 1742939169]
[1258767857 1682000361 747035338 256348693 1312656148 593207127 2890368 595767520 19416505 514861306 1880793192 411484181 2010100891 1312484640 1457205696 1186147292]
[2044659817 1258767857 1682000361 747035338 1292920954 1312656148 593207127 2890368 595767520 19416505 440522181 1880793192 411484181 1334366056 1312484640 1825142899]
[910289997 2044659817 1258767857 1682000361 868512761 1292920954 1312656148 593207127 2890368 595767520 262371351 440522181 1880793192 158233403 1334366056 175430122]
[2135868414 910289997 2044659817 1258767857 48404613 868512761 1292920954 1312656148 593207127 2890368 1623543318 262371351 440522181 602851900 158233403 1014880733]
[978827094 2135868414 910289997 2044659817 1759434156 48404613 868512761 1292920954 1312656148 593207127 1004222966 1623543318 262371351 1308411836 602851900 1985818552]
[1401743525 978827094 2135868414 910289997 1970131983 1759434156 48404613 868512761 1292920954 1312656148 444151459 1004222966 1623543318 1863668107 1308411836 1003176089]
[118217233 1401743525 978827094 2135868414 1071211957 1970131983 1759434156 48404613 868512761 1292920954 1634500068 444151459 1004222966 1643658563 1863668107 1850311559]
[936184676 118217233 1401743525 978827094 936152367 1071211957 1970131983 1759434156 48404613 868512761 1040972507 1634500068 444151459 1122693916 1643658563 819544021]
[169415991 936184676 118217233 1401743525 934138494 936152367 1071211957 1970131983 1759434156 48404613 779135561 1040972507 1634500068 438565384 1122693916 31649309]
[1691421472 169415991 936184676 118217233 895296771 934138494 936152367 1071211957 1970131983 1759434156 1182994752 779135561 1040972507 1034323312 438565384 972649727]
[862876787 1691421472 169415991 936184676 1459820863 895296771 934138494 936152367 1071211957 1970131983 147674122 1182994752 779135561 671802049 1034323312 1420014593]
[2019014058 862876787 1691421472 169415991 2011668442 1459820863 895296771 934138494 936152367 1071211957 1973615868 147674122 1182994752 376700120 671802049 396843540]
[1057058371 2019014058 862876787 1691421472 727452194 2011668442 1459820863 895296771 934138494 936152367 39800716 1973615868 147674122 2058055645 376700120 1427438184]
[1779393298 1057058371 2019014058 862876787 190557632 727452194 2011668442 1459820863 895296771 934138494 81908334 39800716 1973615868 2107549789 2058055645 329798125]
[1006255892 1779393298 1057058371 2019014058 1379985789 190557632 727452194 2011668442 1459820863 895296771 1968356498 81908334 39800716 427641758 2107549789 597820294]
[1168476621 1006255892 1779393298 1057058371 817637867 1379985789 190557632 727452194 2011668442 1459820863 640028036 1968356498 81908334 158064148 427641758 2137115647]
[1630391294 1168476621 1006255892 1779393298 2130795132 817637867 1379985789 190557632 727452194 2011668442 1459810738 640028036 1968356498 484560885 158064148 2138917631]
[2093501182 1630391294 1168476621 1006255892 437211836 2130795132 817637867 1379985789 190557632 727452194 1474789165 1459810738 640028036 189971080 484560885 787209617]
[449408751 2093501182 1630391294 1168476621 353377424 437211836 2130795132 817637867 1379985789 190557632 1569178905 1474789165 1459810738 1632160051 189971080 195722977]
[908681208 449408751 2093501182 1630391294 867630877 353377424 437211836 2130795132 817637867 1379985789 1736349791 1569178905 1474789165 1422205020 1632160051 1254311474]
[235501768 908681208 449408751 2093501182 1146561639 867630877 353377424 437211836 2130795132 817637867 412326479 1736349791 1569178905 1682745914 1422205020 73536503]
[1719012095 235501768 908681208 449408751 1010358081 1146561639 867630877 353377424 437211836 2130795132 798835312 412326479 1736349791 91608738 1682745914 1589683390]
[526738300 1719012095 235501768 908681208 1723156227 1010358081 1146561639 867630877 353377424 437211836 383322790 798835312 412326479 821826402 91608738 917244155]
[1656030312 526738300 1719012095 235501768 1172321657 1723156227 1010358081 1146561639 867630877 353377424 964492734 383322790 798835312 713716991 821826402 166956366]
[2105596769 1656030312 526738300 1719012095 1659549497 1172321657 1723156227 1010358081 1146561639 867630877 1053989235 964492734 383322790 1245276734 713716991 2007178581]
[448820037 2105596769 1656030312 526738300 1003814755 1659549497 1172321657 1723156227 1010358081 1146561639 1584719844 1053989235 964492734 1367664946 1245276734 959802530]
[1856114452 448820037 2105596769 1656030312 1770818089 1003814755 1659549497 1172321657 1723156227 1010358081 1487237570 1584719844 1053989235 314696340 1367664946 9085812]
[187570037 1856114452 448820037 2105596769 435492285 1770818089 1003814755 1659549497 1172321657 1723156227 716765674 1487237570 1584719844 96115614 314696340 591325629]
[1646831363 187570037 1856114452 448820037 425018175 435492285 1770818089 1003814755 1659549497 1172321657 509482686 716765674 1487237570 837776608 96115614 127960531]
[673601762 1646831363 187570037 1856114452 2012309333 425018175 435492285 1770818089 1003814755 1659549497 4332955 509482686 716765674 1682673732 837776608 1218716478]
[1825006031 673601762 1646831363 187570037 579543961 2012309333 425018175 435492285 1770818089 1003814755 1253892162 4332955 509482686 1899371642 1682673732 1133428100]
[1380729355 1825006031 673601762 1646831363 1668712780 579543961 2012309333 425018175 435492285 1770818089 1818616594 1253892162 4332955 426190073 1899371642 1124979667]
[1356965721 1380729355 1825006031 673601762 526452926 1668712780 579543961 2012309333 425018175 435492285 1677544862 1818616594 1253892162 669592018 426190073 1528815496]
[2063558718 1356965721 1380729355 1825006031 548519134 526452926 1668712780 579543961 2012309333 425018175 185327029 1677544862 1818616594 164515010 669592018 153845785]
[883661099 2063558718 1356965721 1380729355 1851295551 548519134 526452926 1668712780 579543961 2012309333 477597215 185327029 1677544862 1821902784 164515010 1744155389]
[1571336397 883661099 2063558718 1356965721 36257986 1851295551 548519134 526452926 1668712780 579543961 1470850242 477597215 185327029 1241050485 1821902784 1666004151]
[813821054 1571336397 883661099 2063558718 475926784 36257986 1851295551 548519134 526452926 1668712780 964949734 1470850242 477597215 1954245353 1241050485 116648718]
[2061433115 813821054 1571336397 883661099 736118460 475926784 36257986 1851295551 548519134 526452926 1161315911 964949734 1470850242 1922279918 1954245353 1065350249]
[1064590824 2061433115 813821054 1571336397 2068023593 736118460 475926784 36257986 1851295551 548519134 747694267 1161315911 964949734 1082024642 1922279918 1857038953]
[517641287 1064590824 2061433115 813821054 71730899 2068023593 736118460 475926784 36257986 1851295551 1844275432 747694267 1161315911 240628135 1082024642 130586783]
[1348548526 517641287 1064590824 2061433115 980608401 71730899 2068023593 736118460 475926784 36257986 37386598 1844275432 747694267 1987470697 240628135 214821515]
[1522038180 1348548526 517641287 1064590824 596677337 980608401 71730899 2068023593 736118460 475926784 1401713724 37386598 1844275432 27728883 1987470697 60636789]
[551269244 1522038180 1348548526 517641287 650432912 596677337 980608401 71730899 2068023593 736118460 1795094607 1401713724 37386598 1792505693 27728883 363915527]
[1184493618 551269244 1522038180 1348548526 793594468 650432912 596677337 980608401 71730899 2068023593 1288024822 1795094607 1401713724 1414058025 1792505693 1982509475]
[551310736 1184493618 551269244 1522038180 1788869892 793594468 650432912 596677337 980608401 71730899 801182678 1288024822 1795094607 919882983 1414058025 1135177096]
[1830221327 551310736 1184493618 551269244 859892434 1788869892 793594468 650432912 596677337 980608401 894923054 801182678 1288024822 1175455477 919882983 185406419]
[404809449 1830221327 551310736 1184493618 1577915678 859892434 1788869892 793594468 650432912 596677337 886417622 894923054 801182678 1953226538 1175455477 1086183412]
[2123746421 404809449 1830221327 551310736 1172441069 1577915678 859892434 1788869892 793594468 650432912 572572239 886417622 894923054 1604982477 1953226538 839534515]
[1012005655 2123746421 404809449 1830221327 470980313 1172441069 1577915678 859892434 1788869892 793594468 489772066 572572239 886417622 1153317207 1604982477 407212341]
[1574356581 1012005655 2123746421 404809449 6946498 470980313 1172441069 1577915678 859892434 1788869892 1442012104 489772066 572572239 1463814636 1153317207 675589907]
[1827914339 1574356581 1012005655 2123746421 156626815 6946498 470980313 1172441069 1577915678 859892434 1292504624 1442012104 489772066 4678498 1463814636 474472860]
[1680440788 1827914339 1574356581 1012005655 408507762 156626815 6946498 470980313 1172441069 1577915678 1724382410 1292504624 1442012104 1617544513 4678498 1208886836]
[1446271684 1680440788 1827914339 1574356581 530250972 408507762 156626815 6946498 470980313 1172441069 614406312 1724382410 1292504624 576486401 1617544513 325167984]
[1963793302 1446271684 1680440788 1827914339 349778587 530250972 408507762 156626815 6946498 470980313 870768728 614406312 1724382410 602561463 576486401 908187811]
[1476033551 1963793302 1446271684 1680440788 1999275678 349778587 530250972 408507762 156626815 6946498 813702991 870768728 614406312 403625298 602561463 246297123]
[1021334848 1476033551 1963793302 1446271684 106648475 1999275678 349778587 530250972 408507762 156626815 1154329166 813702991 870768728 149246817 403625298 1023142501]
[954617823 1021334848 1476033551 1963793302 2089548353 106648475 1999275678 349778587 530250972 408507762 1443180153 1154329166 813702991 145871944 149246817 222401102]
[1322508392 954617823 1021334848 1476033551 435078089 2089548353 106648475 1999275678 349778587 530250972 1646044630 1443180153 1154329166 1427919957 145871944 1376542882]
[1584202566 1322508392 954617823 1021334848 1646575003 435078089 2089548353 106648475 1999275678 349778587 871333876 1646044630 1443180153 101905024 1427919957 956507732]
[1009351366 1584202566 1322508392 954617823 573011365 1646575003 435078089 2089548353 106648475 1999275678 1600615268 871333876 1646044630 581833350 101905024 1749454168]
[785638953 1009351366 1584202566 1322508392 242440369 573011365 1646575003 435078089 2089548353 106648475 574920770 1600615268 871333876 2093893360 581833350 1287609030]
[203039072 785638953 1009351366 1584202566 2067626067 242440369 573011365 1646575003 435078089 2089548353 1596883825 574920770 1600615268 1769779953 2093893360 1343315781]
[1634772197 203039072 785638953 1009351366 1388774770 2067626067 242440369 573011365 1646575003 435078089 1698692761 1596883825 574920770 502444970 1769779953 745608962]
[495458651 1634772197 203039072 785638953 743377129 1388774770 2067626067 242440369 573011365 1646575003 2050613262 1698692761 1596883825 1346980358 502444970 1962794850]
[1927103052 495458651 1634772197 203039072 620922341 743377129 1388774770 2067626067 242440369 573011365 1317141779 2050613262 1698692761 502552425 1346980358 228862120]
[835506371 1927103052 495458651 1634772197 379311589 620922341 743377129 1388774770 2067626067 242440369 925556399 1317141779 2050613262 915420458 502552425 1688033194]
[32834164 835506371 1927103052 495458651 1545418896 379311589 620922341 743377129 1388774770 2067626067 63733767 925556399 1317141779 697266820 915420458 1237957638]
[327533210 32834164 835506371 1927103052 1576096402 1545418896 379311589 620922341 743377129 1388774770 2081417922 63733767 925556399 1183786042 697266820 345210612]
[672297757 327533210 32834164 835506371 1646253244 1576096402 1545418896 379311589 620922341 743377129 827075154 2081417922 63733767 890450173 1183786042 1762232087]
[1922080489 672297757 327533210 32834164 592048628 1646253244 1576096402 1545418896 379311589 620922341 256461643 827075154 2081417922 301737005 890450173 169545028]
[623399256 1922080489 672297757 327533210 1446397397 592048628 1646253244 1576096402 1545418896 379311589 1300565160 256461643 827075154 379065135 301737005 1001732888]
[1894798223 623399256 1922080489 672297757 1158494529 1446397397 592048628 1646253244 1576096402 1545418896 2041234227 1300565160 256461643 662509863 379065135 797466594]
[937968193 1894798223 623399256 1922080489 641229865 1158494529 1446397397 592048628 1646253244 1576096402 1483283112 2041234227 1300565160 1326319980 662509863 1183400631]
[1338767940 937968193 1894798223 623399256 503934994 641229865 1158494529 1446397397 592048628 1646253244 887289059 1483283112 2041234227 1391732429 1326319980 1222172592]
[565743682 1338767940 937968193 1894798223 540109940 503934994 641229865 1158494529 1446397397 592048628 1479674612 887289059 1483283112 957081239 1391732429 1055281733]
[624465859 565743682 1338767940 937968193 357052506 540109940 503934994 641229865 1158494529 1446397397 1811524488 1479674612 887289059 2096371265 957081239 2081875379]
[318544300 624465859 565743682 1338767940 321373470 357052506 540109940 503934994 641229865 1158494529 213207951 1811524488 1479674612 4908351 2096371265 736486062]
[298356998 318544300 624465859 565743682 2058450688 321373470 357052506 540109940 503934994 641229865 450376378 213207951 1811524488 495893132 4908351 1850425895]
[965569028 298356998 318544300 624465859 1144412586 2058450688 321373470 357052506 540109940 503934994 1798567673 450376378 213207951 1883858101 495893132 559862666]
[3300813 965569028 298356998 318544300 1574749085 1144412586 2058450688 321373470 357052506 540109940 257017799 1798567673 450376378 868864266 1883858101 122936299]
[1529857785 3300813 965569028 298356998 1370326055 1574749085 1144412586 2058450688 321373470 357052506 496189803 257017799 1798567673 1387155465 868864266 1581181961]
]
